4
26
43
59
95
133
169
185
215
251
279
297
332
358
364
365
370
381
400
417
437
468
493
513
532
568
598
617
649
684
714
722
725
724
738
751
774
809
841
879
899
931
955
978
996
1025
1050
1074
1080
1085
1084
1090
1100
1116
1150
1186
1206
1244
1276
1308
1322
1357
1382
1417
1431
1444
1444
1443
1451
1473
1494
1532
1553
1587
1624
1649
1665
1698
1729
1760
1777
1800
1806
1807
1815
1835
1868
1903
1941
1960
1992
2025
2056
2073
2107
2139
2160
2165
2164
2164
2187
2204
2242
2272
2299
2318
2348
2382
2404
2416
2439
2462
2495
2511
2526
2526
2523
2527
2547
2578
2611
2624
2660
2691
2722
2737
2766
2793
2825
2837
2848
2847
2846
2852
2864
2892
2925
2952
2971
3011
3042
3075
3089
3120
3151
3169
3173
3172
3170
3185
3195
3226
3256
3292
3308
3339
3369
3406
3423
3450
3480
3492
3496
3496
3496
3506
3519
3549
3580
3603
3618
3641
3674
3693
3710
3734
3759
3794
3806
3819
3820
3818
3821
3835
3851
3874
3892
3930
3959
3983
4013
4030
4058
4089
4113
4128
4144
4145
4144
4150
4170
4200
4225
4243
4273
4305
4337
4350
4382
4413
4433
4450
4463
4469
4469
4473
4490
4511
4543
4561
4597
4632
4652
4670
4693
4721
4753
4767
4787
4793
4793
4800
4822
4853
4893
4909
4945
4986
5018
5052
5072
5101
5134
5151
5153
5151
5149
5163
5177
5209
5245
5278
5297
5333
5366
5401
5420
5456
5490
5505
5511
5512
5513
5531
5546
5568
5596
5634
5652
5686
5707
5728
5741
5759
5787
5821
5839
5868
5874
5872
5879
5903
5936
5972
5992
6026
6062
6090
6126
6144
6168
6202
6227
6232
6232
6233
6253
6269
6292
6331
6357
6375
6396
6431
6465
6480
6516
6548
6579
6587
6593
6593
6605
6617
6647
6689
6717
6735
6764
6785
6821
6837
6872
6908
6937
6947
6953
6956
6976
6991
7027
7065
7087
7107
7137
7174
7192
7225
7243
7273
7303
7313
7313
7311
7307
7307
7307
7308
7308
7308
7308
7308
7308
7308
7308
7308
7308
7308
7308
7308
7308
7308
7308
7308
7308
7308
7308
