2
21
32
51
84
117
131
164
191
224
241
266
297
321
326
329
332
340
351
371
388
412
439
457
473
508
536
552
584
613
640
648
652
651
662
673
692
725
752
771
805
836
859
873
894
921
942
958
972
976
975
978
989
1005
1032
1046
1082
1116
1146
1163
1188
1219
1242
1258
1286
1299
1299
1298
1304
1323
1340
1358
1391
1425
1457
1481
1497
1525
1554
1584
1597
1618
1625
1624
1632
1651
1678
1709
1726
1759
1792
1822
1835
1866
1896
1925
1938
1949
1948
1948
1958
1981
2012
2040
2058
2082
2111
2143
2160
2172
2194
2216
2231
2260
2274
2274
2272
2276
2300
2333
2357
2384
2422
2454
2490
2505
2537
2568
2602
2618
2632
2632
2630
2634
2644
2671
2709
2725
2758
2802
2838
2857
2893
2926
2963
2978
2992
2992
2990
2995
3016
3048
3083
3100
3139
3170
3205
3225
3265
3297
3330
3343
3351
3352
3352
3358
3371
3402
3437
3458
3479
3504
3541
3565
3582
3609
3637
3675
3695
3711
3712
3710
3714
3729
3746
3770
3790
3830
3861
3887
3905
3939
3969
4006
4022
4050
4070
4073
4072
4077
4097
4129
4145
4174
4208
4244
4264
4295
4333
4366
4384
4406
4424
4432
4433
4436
4452
4475
4492
4528
4568
4607
4630
4650
4676
4707
4743
4759
4784
4793
4792
4797
4815
4840
4877
4892
4926
4963
4991
5008
5040
5066
5097
5107
5116
5114
5113
5118
5135
5164
5198
5210
5243
5276
5305
5318
5353
5386
5416
5428
5438
5440
5439
5444
5466
5485
5510
5529
5564
5592
5611
5628
5644
5659
5682
5712
5730
5758
5764
5764
5768
5788
5815
5848
5867
5902
5931
5956
5974
6006
6026
6057
6071
6086
6088
6088
6094
6116
6138
6172
6189
6214
6234
6264
6278
6306
6338
6369
6384
6405
6412
6411
6414
6432
6457
6496
6514
6538
6566
6582
6599
6630
6659
6691
6718
6728
6736
6738
6755
6768
6798
6834
6855
6873
6900
6931
6951
6962
6993
7020
7048
7055
7060
7058
7056
7056
7056
7056
7056
7056
7056
7056
7056
7056
7056
7056
7056
7056
7056
7056
7056
7056
7056
7056
7056
7056
7056
