116
116
116.2
115.4
114.1
113
112.2
111.3
110.5
110.3
109.1
108.5
107.4
106.6
105.9
105.4
105.4
105.4
105.8
105.2
104.5
104.5
103.8
103.2
102.8
102.3
101.5
101.2
100.1
100.2
99.4
99
98.4
98.4
98.4
98.4
97.9
97.7
97.6
97.2
96.3
96
95.5
95.3
95.1
94.7
94.5
94.3
94
93.7
93.7
93.7
93.7
93.7
93.7
93.3
93.1
92.9
92.5
92.5
92.3
92.1
92.1
91.6
91.7
91.7
91.7
91.7
91.7
91.7
91.7
91.8
91.7
91.5
91.5
91.7
91.7
91.7
91.7
91.7
91.7
91.6
92.1
92.1
92.1
92.1
92.1
92.3
92.5
92.9
92.9
93.1
93.3
93.7
94.5
94.7
94.5
95.4
95.6
95.4
95.3
95.3
96
96.2
96.3
97
97.8
97.7
97.8
98.6
98.5
99
100.1
100.8
102
101.5
102.2
102
102
102.2
102.3
102.3
103.2
103.1
104
105
105.8
106.2
107.4
107.6
107.6
107.6
107.6
107.6
107.6
107.6
107.6
107.7
108
108.2
108.4
108.4
109.2
109.8
109.9
109.9
110.1
110.2
109.8
110.1
109.8
109.9
110
110.5
110.6
111.1
111.3
111.3
111.5
111.4
111.4
111.4
111.4
111.9
111.9
111.8
111.9
111.9
111.9
111.9
111.9
111.9
111.4
111.5
111.5
111.5
111.5
111.5
111.3
111.3
111.5
111.5
111.1
111.4
111.5
111.5
111.3
111.5
111.5
111.3
111.5
110.6
110.6
110.7
110.1
109.2
109.1
108.9
108.9
108.8
109
108.9
108.2
107.6
107.4
107.2
106.8
106.2
106
105.8
105.4
105.2
105.2
104.6
104.2
104.6
104.6
104.4
104.2
103.8
103.1
103
102.3
102.4
102.8
102.3
102.4
101.6
100.6
100
99
99.3
99.3
99.4
98.6
96.9
96.3
96
94.7
93.9
93.3
92.9
92.4
91.6
91.5
91.5
91.5
91.7
91.7
91.5
90.8
90.2
90.1
89.9
89.3
88.6
88.6
88.3
87.8
87.8
87.8
87.7
87.7
87.9
87.9
87.7
87.2
87.3
87.3
86.9
86.9
86.4
86.5
86.5
86.5
86.1
85.6
85.5
85.5
85.3
85.3
85.3
85.3
85.3
84.7
84.7
84.7
84.3
84.1
84.1
84.1
84.1
84.3
84
84.1
84.1
84.3
84.2
84.1
84.5
84.7
84.9
84.8
85.5
85.7
85.6
86.5
87.1
87.3
87.7
87.9
87.9
87.9
87.7
87.9
87.8
88.5
88.6
89.1
88.6
89.4
89.9
90.5
90.5
91.3
91.7
92.5
92.3
92.5
92.3
93.1
93.3
94.1
94.5
94.7
95.5
96.4
96.2
96.8
97.1
98.2
98.5
99.3
99.3
99.4
99.2
99.4
99.4
99.4
99.4
99.2
99.4
99.4
99.4
99.4
99.4
99.4
99.4
99.2
99.4
99.4
99.2
99.2
99.2
99.2
99.4
99.4
